         1         1  0.50000000000000E+01
         2         2  0.50000000000000E+01
         3         3  0.50000000000000E+01
         4         4  0.50000000000000E+01
         5         5  0.50000000000000E+01
         6         6  0.50000000000000E+01
         7         7  0.50000000000000E+01
         8         8  0.50000000000000E+01
         9         9  0.50000000000000E+01
        10        10  0.50000000000000E+01
        11        11  0.50000000000000E+01
        12        12  0.50000000000000E+01
        13        13  0.50000000000000E+01
        14        14  0.50000000000000E+01
        15        15  0.50000000000000E+01
        16        16  0.50000000000000E+01
        17        17  0.50000000000000E+01
        18        18  0.50000000000000E+01
        19        19  0.50000000000000E+01
        20        20  0.50000000000000E+01
        21        21  0.50000000000000E+01
        22        22  0.50000000000000E+01
        23        23  0.50000000000000E+01
        24        24  0.50000000000000E+01
        25        25  0.50000000000000E+01
        26        26  0.50000000000000E+01
        27        27  0.50000000000000E+01
        28        28  0.50000000000000E+01
        29        29  0.50000000000000E+01
        30        30  0.50000000000000E+01
        31        31  0.50000000000000E+01
        32        32  0.50000000000000E+01
        33        33  0.50000000000000E+01
        34        34  0.50000000000000E+01
        35        35  0.50000000000000E+01
        36        36  0.50000000000000E+01
        37        37  0.50000000000000E+01
        38        38  0.50000000000000E+01
        39        39  0.50000000000000E+01
        40        40  0.50000000000000E+01
        41        41  0.50000000000000E+01
        42        42  0.50000000000000E+01
        43        43  0.50000000000000E+01
        44        44  0.50000000000000E+01
        45        45  0.50000000000000E+01
        46        46  0.50000000000000E+01
        47        47  0.50000000000000E+01
        48        48  0.50000000000000E+01
        49        49  0.50000000000000E+01
        50        50  0.50000000000000E+01
        51        51  0.50000000000000E+01
        52        52  0.50000000000000E+01
        53        53  0.50000000000000E+01
        54        54  0.50000000000000E+01
        55        55  0.50000000000000E+01
        56        56  0.50000000000000E+01
        57        57  0.50000000000000E+01
        58        58  0.50000000000000E+01
        59        59  0.50000000000000E+01
        60        60  0.50000000000000E+01
        61        61  0.50000000000000E+01
        62        62  0.50000000000000E+01
        63        63  0.50000000000000E+01
        64        64  0.50000000000000E+01
        65        65  0.50000000000000E+01
        66        66  0.50000000000000E+01
        67        67  0.50000000000000E+01
        68        68  0.50000000000000E+01
        69        69  0.50000000000000E+01
        70        70  0.50000000000000E+01
        71        71  0.50000000000000E+01
        72        72  0.50000000000000E+01
        73        73  0.50000000000000E+01
        74        74  0.50000000000000E+01
        75        75  0.50000000000000E+01
        76        76  0.50000000000000E+01
        77        77  0.50000000000000E+01
        78        78  0.50000000000000E+01
        79        79  0.50000000000000E+01
        80        80  0.50000000000000E+01
        81        81  0.50000000000000E+01
        82        82  0.50000000000000E+01
        83        83  0.50000000000000E+01
        84        84  0.50000000000000E+01
        85        85  0.50000000000000E+01
        86        86  0.50000000000000E+01
        87        87  0.50000000000000E+01
        88        88  0.50000000000000E+01
        89        89  0.50000000000000E+01
        90        90  0.50000000000000E+01
        91        91  0.50000000000000E+01
        92        92  0.50000000000000E+01
        93        93  0.50000000000000E+01
        94        94  0.50000000000000E+01
        95        95  0.50000000000000E+01
        96        96  0.50000000000000E+01
        97        97  0.50000000000000E+01
        98        98  0.50000000000000E+01
        99        99  0.50000000000000E+01
       100       100  0.50000000000000E+01
       101       101  0.50000000000000E+01
       102       102  0.50000000000000E+01
       103       103  0.50000000000000E+01
       104       104  0.50000000000000E+01
       105       105  0.50000000000000E+01
       106       106  0.50000000000000E+01
       107       107  0.50000000000000E+01
       108       108  0.50000000000000E+01
       109       109  0.50000000000000E+01
       110       110  0.50000000000000E+01
       111       111  0.50000000000000E+01
       112       112  0.50000000000000E+01
       113       113  0.50000000000000E+01
       114       114  0.50000000000000E+01
       115       115  0.50000000000000E+01
       116       116  0.50000000000000E+01
       117       117  0.50000000000000E+01
       118       118  0.50000000000000E+01
       119       119  0.50000000000000E+01
       120       120  0.50000000000000E+01
       121       121  0.50000000000000E+01
       122       122  0.50000000000000E+01
       123       123  0.50000000000000E+01
       124       124  0.50000000000000E+01
       125       125  0.50000000000000E+01
       126       126  0.50000000000000E+01
       127       127  0.50000000000000E+01
       128       128  0.50000000000000E+01
       129       129  0.50000000000000E+01
       130       130  0.50000000000000E+01
       131       131  0.50000000000000E+01
       132       132  0.50000000000000E+01
       133       133  0.50000000000000E+01
       134       134  0.50000000000000E+01
       135       135  0.50000000000000E+01
       136       136  0.50000000000000E+01
       137       137  0.50000000000000E+01
       138       138  0.50000000000000E+01
       139       139  0.50000000000000E+01
       140       140  0.50000000000000E+01
       141       141  0.50000000000000E+01
       142       142  0.50000000000000E+01
       143       143  0.50000000000000E+01
       144       144  0.50000000000000E+01
       145       145  0.50000000000000E+01
       146       146  0.50000000000000E+01
       147       147  0.50000000000000E+01
       148       148  0.50000000000000E+01
       149       149  0.50000000000000E+01
       150       150  0.50000000000000E+01
       151       151  0.50000000000000E+01
       152       152  0.50000000000000E+01
       153       153  0.50000000000000E+01
       154       154  0.50000000000000E+01
       155       155  0.50000000000000E+01
       156       156  0.50000000000000E+01
       157       157  0.50000000000000E+01
       158       158  0.50000000000000E+01
       159       159  0.50000000000000E+01
       160       160  0.50000000000000E+01
       161       161  0.50000000000000E+01
       162       162  0.50000000000000E+01
       163       163  0.50000000000000E+01
       164       164  0.50000000000000E+01
       165       165  0.50000000000000E+01
       166       166  0.50000000000000E+01
       167       167  0.50000000000000E+01
       168       168  0.50000000000000E+01
       169       169  0.50000000000000E+01
       170       170  0.50000000000000E+01
       171       171  0.50000000000000E+01
       172       172  0.50000000000000E+01
       173       173  0.50000000000000E+01
       174       174  0.50000000000000E+01
       175       175  0.50000000000000E+01
       176       176  0.50000000000000E+01
       177       177  0.50000000000000E+01
       178       178  0.50000000000000E+01
       179       179  0.50000000000000E+01
       180       180  0.50000000000000E+01
       181       181  0.50000000000000E+01
       182       182  0.50000000000000E+01
       183       183  0.50000000000000E+01
       184       184  0.50000000000000E+01
       185       185  0.50000000000000E+01
       186       186  0.50000000000000E+01
       187       187  0.50000000000000E+01
       188       188  0.50000000000000E+01
       189       189  0.50000000000000E+01
       190       190  0.50000000000000E+01
       191       191  0.50000000000000E+01
       192       192  0.50000000000000E+01
       193       193  0.50000000000000E+01
       194       194  0.50000000000000E+01
       195       195  0.50000000000000E+01
       196       196  0.50000000000000E+01
       197       197  0.50000000000000E+01
       198       198  0.50000000000000E+01
       199       199  0.50000000000000E+01
       200       200  0.50000000000000E+01
       201       201  0.50000000000000E+01
       202       202  0.50000000000000E+01
       203       203  0.50000000000000E+01
       204       204  0.50000000000000E+01
       205       205  0.50000000000000E+01
       206       206  0.50000000000000E+01
       207       207  0.50000000000000E+01
       208       208  0.50000000000000E+01
       209       209  0.50000000000000E+01
       210       210  0.50000000000000E+01
       211       211  0.50000000000000E+01
       212       212  0.50000000000000E+01
       213       213  0.50000000000000E+01
       214       214  0.50000000000000E+01
       215       215  0.50000000000000E+01
       216       216  0.50000000000000E+01
       217       217  0.50000000000000E+01
       218       218  0.50000000000000E+01
       219       219  0.50000000000000E+01
       220       220  0.50000000000000E+01
       221       221  0.50000000000000E+01
       222       222  0.50000000000000E+01
       223       223  0.50000000000000E+01
       224       224  0.50000000000000E+01
       225       225  0.50000000000000E+01
       226       226  0.50000000000000E+01
       227       227  0.50000000000000E+01
       228       228  0.50000000000000E+01
       229       229  0.50000000000000E+01
       230       230  0.50000000000000E+01
       231       231  0.50000000000000E+01
       232       232  0.50000000000000E+01
       233       233  0.50000000000000E+01
       234       234  0.50000000000000E+01
       235       235  0.50000000000000E+01
       236       236  0.50000000000000E+01
       237       237  0.50000000000000E+01
       238       238  0.50000000000000E+01
       239       239  0.50000000000000E+01
       240       240  0.50000000000000E+01
       241       241  0.50000000000000E+01
       242       242  0.50000000000000E+01
       243       243  0.50000000000000E+01
       244       244  0.50000000000000E+01
       245       245  0.50000000000000E+01
       246       246  0.50000000000000E+01
       247       247  0.50000000000000E+01
       248       248  0.50000000000000E+01
       249       249  0.50000000000000E+01
       250       250  0.50000000000000E+01
       251       251  0.50000000000000E+01
       252       252  0.50000000000000E+01
       253       253  0.50000000000000E+01
       254       254  0.50000000000000E+01
       255       255  0.50000000000000E+01
       256       256  0.50000000000000E+01
       257       257  0.50000000000000E+01
       258       258  0.50000000000000E+01
       259       259  0.50000000000000E+01
       260       260  0.50000000000000E+01
       261       261  0.50000000000000E+01
       262       262  0.50000000000000E+01
       263       263  0.50000000000000E+01
       264       264  0.50000000000000E+01
       265       265  0.50000000000000E+01
       266       266  0.50000000000000E+01
       267       267  0.50000000000000E+01
       268       268  0.50000000000000E+01
       269       269  0.50000000000000E+01
       270       270  0.50000000000000E+01
       271       271  0.50000000000000E+01
       272       272  0.50000000000000E+01
       273       273  0.50000000000000E+01
       274       274  0.50000000000000E+01
       275       275  0.50000000000000E+01
       276       276  0.50000000000000E+01
       277       277  0.50000000000000E+01
       278       278  0.50000000000000E+01
       279       279  0.50000000000000E+01
       280       280  0.50000000000000E+01
       281       281  0.50000000000000E+01
       282       282  0.50000000000000E+01
       283       283  0.50000000000000E+01
       284       284  0.50000000000000E+01
       285       285  0.50000000000000E+01
       286       286  0.50000000000000E+01
       287       287  0.50000000000000E+01
       288       288  0.50000000000000E+01
       289       289  0.50000000000000E+01
       290       290  0.50000000000000E+01
       291       291  0.50000000000000E+01
       292       292  0.50000000000000E+01
       293       293  0.50000000000000E+01
       294       294  0.50000000000000E+01
       295       295  0.50000000000000E+01
       296       296  0.50000000000000E+01
       297       297  0.50000000000000E+01
       298       298  0.50000000000000E+01
       299       299  0.50000000000000E+01
       300       300  0.50000000000000E+01
       301       301  0.50000000000000E+01
       302       302  0.50000000000000E+01
       303       303  0.50000000000000E+01
       304       304  0.50000000000000E+01
       305       305  0.50000000000000E+01
       306       306  0.50000000000000E+01
       307       307  0.50000000000000E+01
       308       308  0.50000000000000E+01
       309       309  0.50000000000000E+01
       310       310  0.50000000000000E+01
       311       311  0.50000000000000E+01
       312       312  0.50000000000000E+01
       313       313  0.50000000000000E+01
       314       314  0.50000000000000E+01
       315       315  0.50000000000000E+01
       316       316  0.50000000000000E+01
       317       317  0.50000000000000E+01
       318       318  0.50000000000000E+01
       319       319  0.50000000000000E+01
       320       320  0.50000000000000E+01
       321       321  0.50000000000000E+01
       322       322  0.50000000000000E+01
       323       323  0.50000000000000E+01
       324       324  0.50000000000000E+01
       325       325  0.50000000000000E+01
       326       326  0.50000000000000E+01
       327       327  0.50000000000000E+01
       328       328  0.50000000000000E+01
       329       329  0.50000000000000E+01
       330       330  0.50000000000000E+01
       331       331  0.50000000000000E+01
       332       332  0.50000000000000E+01
       333       333  0.50000000000000E+01
       334       334  0.50000000000000E+01
       335       335  0.50000000000000E+01
       336       336  0.50000000000000E+01
       337       337  0.50000000000000E+01
       338       338  0.50000000000000E+01
       339       339  0.50000000000000E+01
       340       340  0.50000000000000E+01
       341       341  0.50000000000000E+01
       342       342  0.50000000000000E+01
       343       343  0.50000000000000E+01
       344       344  0.50000000000000E+01
       345       345  0.50000000000000E+01
       346       346  0.50000000000000E+01
       347       347  0.50000000000000E+01
       348       348  0.50000000000000E+01
       349       349  0.50000000000000E+01
       350       350  0.50000000000000E+01
       351       351  0.50000000000000E+01
       352       352  0.50000000000000E+01
       353       353  0.50000000000000E+01
       354       354  0.50000000000000E+01
       355       355  0.50000000000000E+01
       356       356  0.50000000000000E+01
       357       357  0.50000000000000E+01
       358       358  0.50000000000000E+01
       359       359  0.50000000000000E+01
       360       360  0.50000000000000E+01
       361       361  0.50000000000000E+01
       362       362  0.50000000000000E+01
       363       363  0.50000000000000E+01
       364       364  0.50000000000000E+01
       365       365  0.50000000000000E+01
       366       366  0.50000000000000E+01
       367       367  0.50000000000000E+01
       368       368  0.50000000000000E+01
       369       369  0.50000000000000E+01
       370       370  0.50000000000000E+01
       371       371  0.50000000000000E+01
       372       372  0.50000000000000E+01
       373       373  0.50000000000000E+01
       374       374  0.50000000000000E+01
       375       375  0.50000000000000E+01
       376       376  0.50000000000000E+01
       377       377  0.50000000000000E+01
       378       378  0.50000000000000E+01
       379       379  0.50000000000000E+01
       380       380  0.50000000000000E+01
       381       381  0.50000000000000E+01
       382       382  0.50000000000000E+01
       383       383  0.50000000000000E+01
       384       384  0.50000000000000E+01
       385       385  0.50000000000000E+01
       386       386  0.50000000000000E+01
       387       387  0.50000000000000E+01
       388       388  0.50000000000000E+01
       389       389  0.50000000000000E+01
       390       390  0.50000000000000E+01
       391       391  0.50000000000000E+01
       392       392  0.50000000000000E+01
       393       393  0.50000000000000E+01
       394       394  0.50000000000000E+01
       395       395  0.50000000000000E+01
       396       396  0.50000000000000E+01
       397       397  0.50000000000000E+01
       398       398  0.50000000000000E+01
       399       399  0.50000000000000E+01
       400       400  0.50000000000000E+01
       401       401  0.50000000000000E+01
       402       402  0.50000000000000E+01
       403       403  0.50000000000000E+01
       404       404  0.50000000000000E+01
       405       405  0.50000000000000E+01
       406       406  0.50000000000000E+01
       407       407  0.50000000000000E+01
       408       408  0.50000000000000E+01
       409       409  0.50000000000000E+01
       410       410  0.50000000000000E+01
       411       411  0.50000000000000E+01
       412       412  0.50000000000000E+01
       413       413  0.50000000000000E+01
       414       414  0.50000000000000E+01
       415       415  0.50000000000000E+01
       416       416  0.50000000000000E+01
       417       417  0.50000000000000E+01
       418       418  0.50000000000000E+01
       419       419  0.50000000000000E+01
       420       420  0.50000000000000E+01
       421       421  0.50000000000000E+01
       422       422  0.50000000000000E+01
       423       423  0.50000000000000E+01
       424       424  0.50000000000000E+01
       425       425  0.50000000000000E+01
       426       426  0.50000000000000E+01
       427       427  0.50000000000000E+01
       428       428  0.50000000000000E+01
       429       429  0.50000000000000E+01
       430       430  0.50000000000000E+01
       431       431  0.50000000000000E+01
       432       432  0.50000000000000E+01
       433       433  0.50000000000000E+01
       434       434  0.50000000000000E+01
       435       435  0.50000000000000E+01
       436       436  0.50000000000000E+01
       437       437  0.50000000000000E+01
       438       438  0.50000000000000E+01
       439       439  0.50000000000000E+01
       440       440  0.50000000000000E+01
       441       441  0.50000000000000E+01
       442       442  0.50000000000000E+01
       443       443  0.50000000000000E+01
       444       444  0.50000000000000E+01
       445       445  0.50000000000000E+01
       446       446  0.50000000000000E+01
       447       447  0.50000000000000E+01
       448       448  0.50000000000000E+01
       449       449  0.50000000000000E+01
       450       450  0.50000000000000E+01
       451       451  0.50000000000000E+01
       452       452  0.50000000000000E+01
       453       453  0.50000000000000E+01
       454       454  0.50000000000000E+01
       455       455  0.50000000000000E+01
       456       456  0.50000000000000E+01
       457       457  0.50000000000000E+01
       458       458  0.50000000000000E+01
       459       459  0.50000000000000E+01
       460       460  0.50000000000000E+01
       461       461  0.50000000000000E+01
       462       462  0.50000000000000E+01
       463       463  0.50000000000000E+01
       464       464  0.50000000000000E+01
       465       465  0.50000000000000E+01
       466       466  0.50000000000000E+01
       467       467  0.50000000000000E+01
       468       468  0.50000000000000E+01
       469       469  0.50000000000000E+01
       470       470  0.50000000000000E+01
       471       471  0.50000000000000E+01
       472       472  0.50000000000000E+01
       473       473  0.50000000000000E+01
       474       474  0.50000000000000E+01
       475       475  0.50000000000000E+01
       476       476  0.50000000000000E+01
       477       477  0.50000000000000E+01
       478       478  0.50000000000000E+01
       479       479  0.50000000000000E+01
       480       480  0.50000000000000E+01
       481       481  0.50000000000000E+01
       482       482  0.50000000000000E+01
       483       483  0.50000000000000E+01
       484       484  0.50000000000000E+01
       485       485  0.50000000000000E+01
       486       486  0.50000000000000E+01
       487       487  0.50000000000000E+01
       488       488  0.50000000000000E+01
       489       489  0.50000000000000E+01
       490       490  0.50000000000000E+01
       491       491  0.50000000000000E+01
       492       492  0.50000000000000E+01
       493       493  0.50000000000000E+01
       494       494  0.50000000000000E+01
       495       495  0.50000000000000E+01
       496       496  0.50000000000000E+01
       497       497  0.50000000000000E+01
       498       498  0.50000000000000E+01
       499       499  0.50000000000000E+01
       500       500  0.50000000000000E+01
       501       501  0.50000000000000E+01
       502       502  0.50000000000000E+01
       503       503  0.50000000000000E+01
       504       504  0.50000000000000E+01
       505       505  0.50000000000000E+01
       506       506  0.50000000000000E+01
       507       507  0.50000000000000E+01
       508       508  0.50000000000000E+01
       509       509  0.50000000000000E+01
       510       510  0.50000000000000E+01
       511       511  0.50000000000000E+01
       512       512  0.50000000000000E+01
       513       513  0.50000000000000E+01
       514       514  0.50000000000000E+01
       515       515  0.50000000000000E+01
       516       516  0.50000000000000E+01
       517       517  0.50000000000000E+01
       518       518  0.50000000000000E+01
       519       519  0.50000000000000E+01
       520       520  0.50000000000000E+01
       521       521  0.50000000000000E+01
       522       522  0.50000000000000E+01
       523       523  0.50000000000000E+01
       524       524  0.50000000000000E+01
       525       525  0.50000000000000E+01
       526       526  0.50000000000000E+01
       527       527  0.50000000000000E+01
       528       528  0.50000000000000E+01
       529       529  0.50000000000000E+01
       530       530  0.50000000000000E+01
       531       531  0.50000000000000E+01
       532       532  0.50000000000000E+01
       533       533  0.50000000000000E+01
       534       534  0.50000000000000E+01
       535       535  0.50000000000000E+01
       536       536  0.50000000000000E+01
       537       537  0.50000000000000E+01
       538       538  0.50000000000000E+01
       539       539  0.50000000000000E+01
       540       540  0.50000000000000E+01
       541       541  0.50000000000000E+01
       542       542  0.50000000000000E+01
       543       543  0.50000000000000E+01
       544       544  0.50000000000000E+01
       545       545  0.50000000000000E+01
       546       546  0.50000000000000E+01
       547       547  0.50000000000000E+01
       548       548  0.50000000000000E+01
       549       549  0.50000000000000E+01
       550       550  0.50000000000000E+01
       551       551  0.50000000000000E+01
       552       552  0.50000000000000E+01
       553       553  0.50000000000000E+01
       554       554  0.50000000000000E+01
       555       555  0.50000000000000E+01
       556       556  0.50000000000000E+01
       557       557  0.50000000000000E+01
       558       558  0.50000000000000E+01
       559       559  0.50000000000000E+01
       560       560  0.50000000000000E+01
       561       561  0.50000000000000E+01
       562       562  0.50000000000000E+01
       563       563  0.50000000000000E+01
       564       564  0.50000000000000E+01
       565       565  0.50000000000000E+01
       566       566  0.50000000000000E+01
       567       567  0.50000000000000E+01
       568       568  0.50000000000000E+01
       569       569  0.50000000000000E+01
       570       570  0.50000000000000E+01
       571       571  0.50000000000000E+01
       572       572  0.50000000000000E+01
       573       573  0.50000000000000E+01
       574       574  0.50000000000000E+01
       575       575  0.50000000000000E+01
       576       576  0.50000000000000E+01
       577       577  0.50000000000000E+01
       578       578  0.50000000000000E+01
       579       579  0.50000000000000E+01
       580       580  0.50000000000000E+01
       581       581  0.50000000000000E+01
       582       582  0.50000000000000E+01
       583       583  0.50000000000000E+01
       584       584  0.50000000000000E+01
       585       585  0.50000000000000E+01
       586       586  0.50000000000000E+01
       587       587  0.50000000000000E+01
       588       588  0.50000000000000E+01
       589       589  0.50000000000000E+01
       590       590  0.50000000000000E+01
       591       591  0.50000000000000E+01
       592       592  0.50000000000000E+01
       593       593  0.50000000000000E+01
       594       594  0.50000000000000E+01
       595       595  0.50000000000000E+01
       596       596  0.50000000000000E+01
       597       597  0.50000000000000E+01
       598       598  0.50000000000000E+01
       599       599  0.50000000000000E+01
       600       600  0.50000000000000E+01
       601       601  0.50000000000000E+01
       602       602  0.50000000000000E+01
       603       603  0.50000000000000E+01
       604       604  0.50000000000000E+01
       605       605  0.50000000000000E+01
       606       606  0.50000000000000E+01
       607       607  0.50000000000000E+01
       608       608  0.50000000000000E+01
       609       609  0.50000000000000E+01
       610       610  0.50000000000000E+01
       611       611  0.50000000000000E+01
       612       612  0.50000000000000E+01
       613       613  0.50000000000000E+01
       614       614  0.50000000000000E+01
       615       615  0.50000000000000E+01
       616       616  0.50000000000000E+01
       617       617  0.50000000000000E+01
       618       618  0.50000000000000E+01
       619       619  0.50000000000000E+01
       620       620  0.50000000000000E+01
       621       621  0.50000000000000E+01
       622       622  0.50000000000000E+01
       623       623  0.50000000000000E+01
       624       624  0.50000000000000E+01
       625       625  0.50000000000000E+01
       626       626  0.50000000000000E+01
       627       627  0.50000000000000E+01
       628       628  0.50000000000000E+01
       629       629  0.50000000000000E+01
       630       630  0.50000000000000E+01
       631       631  0.50000000000000E+01
       632       632  0.50000000000000E+01
       633       633  0.50000000000000E+01
       634       634  0.50000000000000E+01
       635       635  0.50000000000000E+01
       636       636  0.50000000000000E+01
       637       637  0.50000000000000E+01
       638       638  0.50000000000000E+01
       639       639  0.50000000000000E+01
       640       640  0.50000000000000E+01
       641       641  0.50000000000000E+01
       642       642  0.50000000000000E+01
       643       643  0.50000000000000E+01
       644       644  0.50000000000000E+01
       645       645  0.50000000000000E+01
       646       646  0.50000000000000E+01
       647       647  0.50000000000000E+01
       648       648  0.50000000000000E+01
       649       649  0.50000000000000E+01
       650       650  0.50000000000000E+01
       651       651  0.50000000000000E+01
       652       652  0.50000000000000E+01
       653       653  0.50000000000000E+01
       654       654  0.50000000000000E+01
       655       655  0.50000000000000E+01
       656       656  0.50000000000000E+01
       657       657  0.50000000000000E+01
       658       658  0.50000000000000E+01
       659       659  0.50000000000000E+01
       660       660  0.50000000000000E+01
       661       661  0.50000000000000E+01
       662       662  0.50000000000000E+01
       663       663  0.50000000000000E+01
       664       664  0.50000000000000E+01
       665       665  0.50000000000000E+01
       666       666  0.50000000000000E+01
       667       667  0.50000000000000E+01
       668       668  0.50000000000000E+01
       669       669  0.50000000000000E+01
       670       670  0.50000000000000E+01
       671       671  0.50000000000000E+01
       672       672  0.50000000000000E+01
       673       673  0.50000000000000E+01
       674       674  0.50000000000000E+01
       675       675  0.50000000000000E+01
       676       676  0.50000000000000E+01
       677       677  0.50000000000000E+01
       678       678  0.50000000000000E+01
       679       679  0.50000000000000E+01
       680       680  0.50000000000000E+01
       681       681  0.50000000000000E+01
       682       682  0.50000000000000E+01
       683       683  0.50000000000000E+01
       684       684  0.50000000000000E+01
       685       685  0.50000000000000E+01
       686       686  0.50000000000000E+01
       687       687  0.50000000000000E+01
       688       688  0.50000000000000E+01
       689       689  0.50000000000000E+01
       690       690  0.50000000000000E+01
       691       691  0.50000000000000E+01
       692       692  0.50000000000000E+01
       693       693  0.50000000000000E+01
       694       694  0.50000000000000E+01
       695       695  0.50000000000000E+01
       696       696  0.50000000000000E+01
       697       697  0.50000000000000E+01
       698       698  0.50000000000000E+01
       699       699  0.50000000000000E+01
       700       700  0.50000000000000E+01
       701       701  0.50000000000000E+01
       702       702  0.50000000000000E+01
       703       703  0.50000000000000E+01
       704       704  0.50000000000000E+01
       705       705  0.50000000000000E+01
       706       706  0.50000000000000E+01
       707       707  0.50000000000000E+01
       708       708  0.50000000000000E+01
       709       709  0.50000000000000E+01
       710       710  0.50000000000000E+01
       711       711  0.50000000000000E+01
       712       712  0.50000000000000E+01
       713       713  0.50000000000000E+01
       714       714  0.50000000000000E+01
       715       715  0.50000000000000E+01
       716       716  0.50000000000000E+01
       717       717  0.50000000000000E+01
       718       718  0.50000000000000E+01
       719       719  0.50000000000000E+01
       720       720  0.50000000000000E+01
       721       721  0.50000000000000E+01
       722       722  0.50000000000000E+01
       723       723  0.50000000000000E+01
       724       724  0.50000000000000E+01
       725       725  0.50000000000000E+01
       726       726  0.50000000000000E+01
       727       727  0.50000000000000E+01
       728       728  0.50000000000000E+01
       729       729  0.50000000000000E+01
       730       730  0.50000000000000E+01
       731       731  0.50000000000000E+01
       732       732  0.50000000000000E+01
       733       733  0.50000000000000E+01
       734       734  0.50000000000000E+01
       735       735  0.50000000000000E+01
       736       736  0.50000000000000E+01
       737       737  0.50000000000000E+01
       738       738  0.50000000000000E+01
       739       739  0.50000000000000E+01
       740       740  0.50000000000000E+01
       741       741  0.50000000000000E+01
       742       742  0.50000000000000E+01
       743       743  0.50000000000000E+01
       744       744  0.50000000000000E+01
       745       745  0.50000000000000E+01
       746       746  0.50000000000000E+01
       747       747  0.50000000000000E+01
       748       748  0.50000000000000E+01
       749       749  0.50000000000000E+01
       750       750  0.50000000000000E+01
       751       751  0.50000000000000E+01
       752       752  0.50000000000000E+01
       753       753  0.50000000000000E+01
       754       754  0.50000000000000E+01
       755       755  0.50000000000000E+01
       756       756  0.50000000000000E+01
       757       757  0.50000000000000E+01
       758       758  0.50000000000000E+01
       759       759  0.50000000000000E+01
       760       760  0.50000000000000E+01
       761       761  0.50000000000000E+01
       762       762  0.50000000000000E+01
       763       763  0.50000000000000E+01
       764       764  0.50000000000000E+01
       765       765  0.50000000000000E+01
       766       766  0.50000000000000E+01
       767       767  0.50000000000000E+01
       768       768  0.50000000000000E+01
       769       769  0.50000000000000E+01
       770       770  0.50000000000000E+01
       771       771  0.50000000000000E+01
       772       772  0.50000000000000E+01
       773       773  0.50000000000000E+01
       774       774  0.50000000000000E+01
       775       775  0.50000000000000E+01
       776       776  0.50000000000000E+01
       777       777  0.50000000000000E+01
       778       778  0.50000000000000E+01
       779       779  0.50000000000000E+01
       780       780  0.50000000000000E+01
       781       781  0.50000000000000E+01
       782       782  0.50000000000000E+01
       783       783  0.50000000000000E+01
       784       784  0.50000000000000E+01
       785       785  0.50000000000000E+01
       786       786  0.50000000000000E+01
       787       787  0.50000000000000E+01
       788       788  0.50000000000000E+01
       789       789  0.50000000000000E+01
       790       790  0.50000000000000E+01
       791       791  0.50000000000000E+01
       792       792  0.50000000000000E+01
       793       793  0.50000000000000E+01
       794       794  0.50000000000000E+01
       795       795  0.50000000000000E+01
       796       796  0.50000000000000E+01
       797       797  0.50000000000000E+01
       798       798  0.50000000000000E+01
       799       799  0.50000000000000E+01
       800       800  0.50000000000000E+01
       801       801  0.50000000000000E+01
       802       802  0.50000000000000E+01
       803       803  0.50000000000000E+01
       804       804  0.50000000000000E+01
       805       805  0.50000000000000E+01
       806       806  0.50000000000000E+01
       807       807  0.50000000000000E+01
       808       808  0.50000000000000E+01
       809       809  0.50000000000000E+01
       810       810  0.50000000000000E+01
       811       811  0.50000000000000E+01
       812       812  0.50000000000000E+01
       813       813  0.50000000000000E+01
       814       814  0.50000000000000E+01
       815       815  0.50000000000000E+01
       816       816  0.50000000000000E+01
       817       817  0.50000000000000E+01
       818       818  0.50000000000000E+01
       819       819  0.50000000000000E+01
       820       820  0.50000000000000E+01
       821       821  0.50000000000000E+01
       822       822  0.50000000000000E+01
       823       823  0.50000000000000E+01
       824       824  0.50000000000000E+01
       825       825  0.50000000000000E+01
       826       826  0.50000000000000E+01
       827       827  0.50000000000000E+01
       828       828  0.50000000000000E+01
       829       829  0.50000000000000E+01
       830       830  0.50000000000000E+01
       831       831  0.50000000000000E+01
       832       832  0.50000000000000E+01
       833       833  0.50000000000000E+01
       834       834  0.50000000000000E+01
       835       835  0.50000000000000E+01
       836       836  0.50000000000000E+01
       837       837  0.50000000000000E+01
       838       838  0.50000000000000E+01
       839       839  0.50000000000000E+01
       840       840  0.50000000000000E+01
       841       841  0.50000000000000E+01
       842       842  0.50000000000000E+01
       843       843  0.50000000000000E+01
       844       844  0.50000000000000E+01
       845       845  0.50000000000000E+01
       846       846  0.50000000000000E+01
       847       847  0.50000000000000E+01
       848       848  0.50000000000000E+01
       849       849  0.50000000000000E+01
       850       850  0.50000000000000E+01
       851       851  0.50000000000000E+01
       852       852  0.50000000000000E+01
       853       853  0.50000000000000E+01
       854       854  0.50000000000000E+01
       855       855  0.50000000000000E+01
       856       856  0.50000000000000E+01
       857       857  0.50000000000000E+01
       858       858  0.50000000000000E+01
       859       859  0.50000000000000E+01
       860       860  0.50000000000000E+01
       861       861  0.50000000000000E+01
       862       862  0.50000000000000E+01
       863       863  0.50000000000000E+01
       864       864  0.50000000000000E+01
       865       865  0.50000000000000E+01
       866       866  0.50000000000000E+01
       867       867  0.50000000000000E+01
       868       868  0.50000000000000E+01
       869       869  0.50000000000000E+01
       870       870  0.50000000000000E+01
       871       871  0.50000000000000E+01
       872       872  0.50000000000000E+01
       873       873  0.50000000000000E+01
       874       874  0.50000000000000E+01
       875       875  0.50000000000000E+01
       876       876  0.50000000000000E+01
       877       877  0.50000000000000E+01
       878       878  0.50000000000000E+01
       879       879  0.50000000000000E+01
       880       880  0.50000000000000E+01
       881       881  0.50000000000000E+01
       882       882  0.50000000000000E+01
       883       883  0.50000000000000E+01
       884       884  0.50000000000000E+01
       885       885  0.50000000000000E+01
       886       886  0.50000000000000E+01
       887       887  0.50000000000000E+01
       888       888  0.50000000000000E+01
       889       889  0.50000000000000E+01
       890       890  0.50000000000000E+01
       891       891  0.50000000000000E+01
       892       892  0.50000000000000E+01
       893       893  0.50000000000000E+01
       894       894  0.50000000000000E+01
       895       895  0.50000000000000E+01
       896       896  0.50000000000000E+01
       897       897  0.50000000000000E+01
       898       898  0.50000000000000E+01
       899       899  0.50000000000000E+01
       900       900  0.50000000000000E+01
       901       901  0.50000000000000E+01
       902       902  0.50000000000000E+01
       903       903  0.50000000000000E+01
       904       904  0.50000000000000E+01
       905       905  0.50000000000000E+01
       906       906  0.50000000000000E+01
       907       907  0.50000000000000E+01
       908       908  0.50000000000000E+01
       909       909  0.50000000000000E+01
       910       910  0.50000000000000E+01
       911       911  0.50000000000000E+01
       912       912  0.50000000000000E+01
       913       913  0.50000000000000E+01
       914       914  0.50000000000000E+01
       915       915  0.50000000000000E+01
       916       916  0.50000000000000E+01
       917       917  0.50000000000000E+01
       918       918  0.50000000000000E+01
       919       919  0.50000000000000E+01
       920       920  0.50000000000000E+01
       921       921  0.50000000000000E+01
       922       922  0.50000000000000E+01
       923       923  0.50000000000000E+01
       924       924  0.50000000000000E+01
       925       925  0.50000000000000E+01
       926       926  0.50000000000000E+01
       927       927  0.50000000000000E+01
       928       928  0.50000000000000E+01
       929       929  0.50000000000000E+01
       930       930  0.50000000000000E+01
       931       931  0.50000000000000E+01
       932       932  0.50000000000000E+01
       933       933  0.50000000000000E+01
       934       934  0.50000000000000E+01
       935       935  0.50000000000000E+01
       936       936  0.50000000000000E+01
       937       937  0.50000000000000E+01
       938       938  0.50000000000000E+01
       939       939  0.50000000000000E+01
       940       940  0.50000000000000E+01
       941       941  0.50000000000000E+01
       942       942  0.50000000000000E+01
       943       943  0.50000000000000E+01
       944       944  0.50000000000000E+01
       945       945  0.50000000000000E+01
       946       946  0.50000000000000E+01
       947       947  0.50000000000000E+01
       948       948  0.50000000000000E+01
       949       949  0.50000000000000E+01
       950       950  0.50000000000000E+01
       951       951  0.50000000000000E+01
       952       952  0.50000000000000E+01
       953       953  0.50000000000000E+01
       954       954  0.50000000000000E+01
       955       955  0.50000000000000E+01
       956       956  0.50000000000000E+01
       957       957  0.50000000000000E+01
       958       958  0.50000000000000E+01
       959       959  0.50000000000000E+01
       960       960  0.50000000000000E+01
       961       961  0.50000000000000E+01
       962       962  0.50000000000000E+01
       963       963  0.50000000000000E+01
       964       964  0.50000000000000E+01
       965       965  0.50000000000000E+01
       966       966  0.50000000000000E+01
       967       967  0.50000000000000E+01
       968       968  0.50000000000000E+01
       969       969  0.50000000000000E+01
       970       970  0.50000000000000E+01
       971       971  0.50000000000000E+01
       972       972  0.50000000000000E+01
       973       973  0.50000000000000E+01
       974       974  0.50000000000000E+01
       975       975  0.50000000000000E+01
       976       976  0.50000000000000E+01
       977       977  0.50000000000000E+01
       978       978  0.50000000000000E+01
       979       979  0.50000000000000E+01
       980       980  0.50000000000000E+01
       981       981  0.50000000000000E+01
       982       982  0.50000000000000E+01
       983       983  0.50000000000000E+01
       984       984  0.50000000000000E+01
       985       985  0.50000000000000E+01
       986       986  0.50000000000000E+01
       987       987  0.50000000000000E+01
       988       988  0.50000000000000E+01
       989       989  0.50000000000000E+01
       990       990  0.50000000000000E+01
       991       991  0.50000000000000E+01
       992       992  0.50000000000000E+01
       993       993  0.50000000000000E+01
       994       994  0.50000000000000E+01
       995       995  0.50000000000000E+01
       996       996  0.50000000000000E+01
       997       997  0.50000000000000E+01
       998       998  0.50000000000000E+01
       999       999  0.50000000000000E+01
      1000      1000  0.50000000000000E+01
      1001      1001  0.50000000000000E+01
      1002      1002  0.50000000000000E+01
      1003      1003  0.50000000000000E+01
      1004      1004  0.50000000000000E+01
      1005      1005  0.50000000000000E+01
      1006      1006  0.50000000000000E+01
      1007      1007  0.50000000000000E+01
      1008      1008  0.50000000000000E+01
      1009      1009  0.50000000000000E+01
      1010      1010  0.50000000000000E+01
      1011      1011  0.50000000000000E+01
      1012      1012  0.50000000000000E+01
      1013      1013  0.50000000000000E+01
      1014      1014  0.50000000000000E+01
      1015      1015  0.50000000000000E+01
      1016      1016  0.50000000000000E+01
      1017      1017  0.50000000000000E+01
      1018      1018  0.50000000000000E+01
      1019      1019  0.50000000000000E+01
      1020      1020  0.50000000000000E+01
      1021      1021  0.50000000000000E+01
      1022      1022  0.50000000000000E+01
      1023      1023  0.50000000000000E+01
      1024      1024  0.50000000000000E+01
      1025      1025  0.50000000000000E+01
      1026      1026  0.50000000000000E+01
      1027      1027  0.50000000000000E+01
      1028      1028  0.50000000000000E+01
      1029      1029  0.50000000000000E+01
      1030      1030  0.50000000000000E+01
      1031      1031  0.50000000000000E+01
      1032      1032  0.50000000000000E+01
      1033      1033  0.50000000000000E+01
      1034      1034  0.50000000000000E+01
      1035      1035  0.50000000000000E+01
      1036      1036  0.50000000000000E+01
      1037      1037  0.50000000000000E+01
      1038      1038  0.50000000000000E+01
      1039      1039  0.50000000000000E+01
      1040      1040  0.50000000000000E+01
      1041      1041  0.50000000000000E+01
      1042      1042  0.50000000000000E+01
      1043      1043  0.50000000000000E+01
      1044      1044  0.50000000000000E+01
      1045      1045  0.50000000000000E+01
      1046      1046  0.50000000000000E+01
      1047      1047  0.50000000000000E+01
      1048      1048  0.50000000000000E+01
      1049      1049  0.50000000000000E+01
      1050      1050  0.50000000000000E+01
      1051      1051  0.50000000000000E+01
      1052      1052  0.50000000000000E+01
      1053      1053  0.50000000000000E+01
      1054      1054  0.50000000000000E+01
      1055      1055  0.50000000000000E+01
      1056      1056  0.50000000000000E+01
      1057      1057  0.50000000000000E+01
      1058      1058  0.50000000000000E+01
      1059      1059  0.50000000000000E+01
      1060      1060  0.50000000000000E+01
      1061      1061  0.50000000000000E+01
      1062      1062  0.50000000000000E+01
      1063      1063  0.50000000000000E+01
      1064      1064  0.50000000000000E+01
      1065      1065  0.50000000000000E+01
      1066      1066  0.50000000000000E+01
      1067      1067  0.50000000000000E+01
      1068      1068  0.50000000000000E+01
      1069      1069  0.50000000000000E+01
      1070      1070  0.50000000000000E+01
      1071      1071  0.50000000000000E+01
      1072      1072  0.50000000000000E+01
      1073      1073  0.50000000000000E+01
      1074      1074  0.50000000000000E+01
      1075      1075  0.50000000000000E+01
      1076      1076  0.50000000000000E+01
      1077      1077  0.50000000000000E+01
      1078      1078  0.50000000000000E+01
      1079      1079  0.50000000000000E+01
      1080      1080  0.50000000000000E+01
      1081      1081  0.50000000000000E+01
      1082      1082  0.50000000000000E+01
      1083      1083  0.50000000000000E+01
      1084      1084  0.50000000000000E+01
      1085      1085  0.50000000000000E+01
      1086      1086  0.50000000000000E+01
      1087      1087  0.50000000000000E+01
      1088      1088  0.50000000000000E+01
      1089      1089  0.50000000000000E+01
      1090      1090  0.50000000000000E+01
      1091      1091  0.50000000000000E+01
      1092      1092  0.50000000000000E+01
      1093      1093  0.50000000000000E+01
      1094      1094  0.50000000000000E+01
      1095      1095  0.50000000000000E+01
      1096      1096  0.50000000000000E+01
      1097      1097  0.50000000000000E+01
      1098      1098  0.50000000000000E+01
      1099      1099  0.50000000000000E+01
      1100      1100  0.50000000000000E+01
      1101      1101  0.50000000000000E+01
      1102      1102  0.50000000000000E+01
      1103      1103  0.50000000000000E+01
      1104      1104  0.50000000000000E+01
      1105      1105  0.50000000000000E+01
      1106      1106  0.50000000000000E+01
      1107      1107  0.50000000000000E+01
      1108      1108  0.50000000000000E+01
      1109      1109  0.50000000000000E+01
      1110      1110  0.50000000000000E+01
      1111      1111  0.50000000000000E+01
      1112      1112  0.50000000000000E+01
      1113      1113  0.50000000000000E+01
      1114      1114  0.50000000000000E+01
      1115      1115  0.50000000000000E+01
      1116      1116  0.50000000000000E+01
      1117      1117  0.50000000000000E+01
      1118      1118  0.50000000000000E+01
      1119      1119  0.50000000000000E+01
      1120      1120  0.50000000000000E+01
      1121      1121  0.50000000000000E+01
      1122      1122  0.50000000000000E+01
      1123      1123  0.50000000000000E+01
      1124      1124  0.50000000000000E+01
      1125      1125  0.50000000000000E+01
      1126      1126  0.50000000000000E+01
      1127      1127  0.50000000000000E+01
      1128      1128  0.50000000000000E+01
      1129      1129  0.50000000000000E+01
      1130      1130  0.50000000000000E+01
      1131      1131  0.50000000000000E+01
      1132      1132  0.50000000000000E+01
      1133      1133  0.50000000000000E+01
      1134      1134  0.50000000000000E+01
      1135      1135  0.50000000000000E+01
      1136      1136  0.50000000000000E+01
      1137      1137  0.50000000000000E+01
      1138      1138  0.50000000000000E+01
      1139      1139  0.50000000000000E+01
      1140      1140  0.50000000000000E+01
      1141      1141  0.50000000000000E+01
      1142      1142  0.50000000000000E+01
      1143      1143  0.50000000000000E+01
      1144      1144  0.50000000000000E+01
      1145      1145  0.50000000000000E+01
      1146      1146  0.50000000000000E+01
      1147      1147  0.50000000000000E+01
      1148      1148  0.50000000000000E+01
      1149      1149  0.50000000000000E+01
      1150      1150  0.50000000000000E+01
      1151      1151  0.50000000000000E+01
      1152      1152  0.50000000000000E+01
      1153      1153  0.50000000000000E+01
      1154      1154  0.50000000000000E+01
      1155      1155  0.50000000000000E+01
      1156      1156  0.50000000000000E+01
      1157      1157  0.50000000000000E+01
      1158      1158  0.50000000000000E+01
      1159      1159  0.50000000000000E+01
      1160      1160  0.50000000000000E+01
      1161      1161  0.50000000000000E+01
      1162      1162  0.50000000000000E+01
      1163      1163  0.50000000000000E+01
      1164      1164  0.50000000000000E+01
      1165      1165  0.50000000000000E+01
      1166      1166  0.50000000000000E+01
      1167      1167  0.50000000000000E+01
      1168      1168  0.50000000000000E+01
      1169      1169  0.50000000000000E+01
      1170      1170  0.50000000000000E+01
      1171      1171  0.50000000000000E+01
      1172      1172  0.50000000000000E+01
      1173      1173  0.50000000000000E+01
      1174      1174  0.50000000000000E+01
      1175      1175  0.50000000000000E+01
      1176      1176  0.50000000000000E+01
      1177      1177  0.50000000000000E+01
      1178      1178  0.50000000000000E+01
      1179      1179  0.50000000000000E+01
      1180      1180  0.50000000000000E+01
      1181      1181  0.50000000000000E+01
      1182      1182  0.50000000000000E+01
      1183      1183  0.50000000000000E+01
      1184      1184  0.50000000000000E+01
      1185      1185  0.50000000000000E+01
      1186      1186  0.50000000000000E+01
      1187      1187  0.50000000000000E+01
      1188      1188  0.50000000000000E+01
      1189      1189  0.50000000000000E+01
      1190      1190  0.50000000000000E+01
      1191      1191  0.50000000000000E+01
      1192      1192  0.50000000000000E+01
      1193      1193  0.50000000000000E+01
      1194      1194  0.50000000000000E+01
      1195      1195  0.50000000000000E+01
      1196      1196  0.50000000000000E+01
      1197      1197  0.50000000000000E+01
      1198      1198  0.50000000000000E+01
      1199      1199  0.50000000000000E+01
      1200      1200  0.50000000000000E+01
