 #level   step     block  iter  sweep   residual
  1         1         1     0     1 -0.10000000000000E+01
  1         1         1     1     1  0.20034048842780E+03
  1         1         1     2     1  0.20034048842780E+03
  1         1         1     3     1  0.20034048842780E+03
  1         1         1     4     1  0.20034048842780E+03
  1         1         1     5     1  0.20034048842780E+03
  1         6         2     0     1 -0.10000000000000E+01
  1         6         2     1     1  0.00000000000000E+00
  1         6         2     2     1 -0.10000000000000E+01
  1         6         2     3     1 -0.10000000000000E+01
  1         6         2     4     1 -0.10000000000000E+01
  1         6         2     5     1 -0.10000000000000E+01
  2         1         1     0     1  0.10017024421275E+03
  2         1         1     1     1  0.20034048842779E+03
  2         1         1     2     1  0.20034048842779E+03
  2         1         1     3     1  0.20034048842779E+03
  2         1         1     4     1  0.20034048842779E+03
  2         1         1     5     1  0.10017024421275E+03
  2         6         2     0     1  0.00000000000000E+00
  2         6         2     1     1  0.00000000000000E+00
  2         6         2     2     1 -0.10000000000000E+01
  2         6         2     3     1 -0.10000000000000E+01
  2         6         2     4     1 -0.10000000000000E+01
  2         6         2     5     1 -0.10000000000000E+01
